{"model":{"version":2,"nodes":[{"name":"RootNode","position":[0,0,0],"rotation":[0,0,0],"scale":[1,1,1],"scaleCompensation":false},{"name":"Point003","position":[0,0,0],"rotation":[-90,-0,0],"scale":[0.01,0.01,0.01],"scaleCompensation":false},{"name":"Line009","position":[0,8.87878e-08,0],"rotation":[0,0,0],"scale":[1,1,1],"scaleCompensation":false},{"name":"Bone138","position":[-138.536,-37.0469,8.2175],"rotation":[8.53776e-07,-0.149007,-75.6832],"scale":[1,1,1],"scaleCompensation":false},{"name":"Bone139","position":[-133.027,-58.6353,8.2755],"rotation":[-1.70773e-06,-0.830006,-66.6072],"scale":[1,1,1],"scaleCompensation":false},{"name":"Bone140","position":[-123.869,-79.8051,8.60966],"rotation":[-1.70813e-06,-1.4945,-57.537],"scale":[1,1,1],"scaleCompensation":false},{"name":"Bone141","position":[-111.323,-99.5265,9.21933],"rotation":[4.27181e-07,-2.1264,-48.4682],"scale":[1,1,1],"scaleCompensation":false},{"name":"Bone142","position":[-95.6218,-117.254,10.0986],"rotation":[-8.33359e-06,-2.70875,-39.4014],"scale":[1,1,1],"scaleCompensation":false},{"name":"Bone143","position":[-77.0856,-132.48,11.2335],"rotation":[1.71026e-06,-3.22811,-30.3367],"scale":[1,1,1],"scaleCompensation":false},{"name":"Bone144","position":[-56.1169,-144.751,12.6038],"rotation":[5.13318e-06,-3.6712,-21.2733],"scale":[1,1,1],"scaleCompensation":false},{"name":"Bone145","position":[-33.1907,-153.678,14.1824],"rotation":[6.63312e-06,-4.02711,-12.2117],"scale":[1,1,1],"scaleCompensation":false},{"name":"Bone146","position":[-8.8443,-158.947,15.9361],"rotation":[5.13702e-06,-4.28715,-3.15156],"scale":[1,1,1],"scaleCompensation":false},{"name":"Bone147","position":[16.3353,-160.332,17.8265],"rotation":[1.15607e-05,-4.44503,5.90571],"scale":[1,1,1],"scaleCompensation":false},{"name":"Bone148","position":[41.7257,-157.707,19.8108],"rotation":[1.02769e-05,-4.49689,14.9655],"scale":[1,1,1],"scaleCompensation":false},{"name":"Bone149","position":[66.6839,-151.035,21.8426],"rotation":[1.00621e-05,-4.44163,24.0197],"scale":[1,1,1],"scaleCompensation":false},{"name":"Bone150","position":[90.5633,-140.394,23.8734],"rotation":[1.22003e-05,-4.28012,33.0743],"scale":[1,1,1],"scaleCompensation":false},{"name":"Bone151","position":[112.73,-125.958,25.8533],"rotation":[1.06984e-05,-4.01675,42.1272],"scale":[1,1,0.999999],"scaleCompensation":false},{"name":"Bone152","position":[132.578,-108.006,27.7325],"rotation":[1.36883e-05,-3.65787,51.1791],"scale":[1,1,1],"scaleCompensation":false},{"name":"Bone153","position":[149.549,-86.9141,29.4633],"rotation":[2.05228e-05,-3.21186,60.2297],"scale":[1,1,1],"scaleCompensation":false},{"name":"Bone154","position":[163.145,-63.1455,30.9999],"rotation":[1.81627e-05,-2.6899,69.2791],"scale":[1,1,1],"scaleCompensation":false},{"name":"Bone155","position":[172.943,-37.2443,32.3009],"rotation":[3.26789e-05,-2.10651,78.3274],"scale":[1,1,1],"scaleCompensation":false},{"name":"Bone156","position":[178.608,-9.82494,33.3307],"rotation":[1.02513e-05,-1.95644,87.3759],"scale":[1,1,1],"scaleCompensation":false},{"name":"Bone157","position":[179.903,18.4338,34.297],"rotation":[2.05303e-05,-3.56755,96.4199],"scale":[1,1,1],"scaleCompensation":false},{"name":"Bone158","position":[176.706,46.8431,36.0796],"rotation":[3.59482e-05,-4.04948,105.467],"scale":[1,1,1],"scaleCompensation":false},{"name":"Bone159","position":[169.001,74.6882,38.1248],"rotation":[2.66003e-05,-5.7382,114.509],"scale":[1,1,1],"scaleCompensation":false},{"name":"Bone160","position":[156.892,101.248,41.0581],"rotation":[2.14846e-05,-6.55037,123.554],"scale":[1,1,1],"scaleCompensation":false},{"name":"Bone161","position":[140.595,125.82,44.4437],"rotation":[1.12257e-05,-8.61433,132.594],"scale":[1,1,1],"scaleCompensation":false},{"name":"Bone162","position":[120.431,147.752,48.957],"rotation":[1.20873e-05,-8.55491,141.637],"scale":[1,1,1],"scaleCompensation":false},{"name":"Bone163","position":[96.8148,166.446,53.4879],"rotation":[-8.63246e-06,-8.49578,150.678],"scale":[1,1,0.999999],"scaleCompensation":false},{"name":"Bone164","position":[70.2899,181.344,58.0322],"rotation":[-6.04191e-06,-8.44403,159.717],"scale":[1,1,1],"scaleCompensation":false},{"name":"Bone165","position":[41.4692,191.996,62.5936],"rotation":[4.5309e-06,-8.39844,168.756],"scale":[1,1,0.999999],"scaleCompensation":false},{"name":"Bone166","position":[11.0375,198.045,67.1745],"rotation":[1.46733e-05,-8.44801,177.794],"scale":[1,1,1],"scaleCompensation":false},{"name":"Bone167","position":[-20.269,199.25,71.8277],"rotation":[1.03554e-05,-8.36485,-173.17],"scale":[1,1,1],"scaleCompensation":false},{"name":"Bone168","position":[-51.6786,195.488,76.4791],"rotation":[8.62773e-06,-8.28284,-164.133],"scale":[1,1,1],"scaleCompensation":false},{"name":"Bone169","position":[-82.3976,186.756,81.1284],"rotation":[2.4584e-05,-8.20204,-155.096],"scale":[1,1,1],"scaleCompensation":false},{"name":"Bone170","position":[-111.637,173.181,85.7751],"rotation":[1.72485e-05,-8.12319,-146.061],"scale":[1,1,1],"scaleCompensation":false},{"name":"Bone171","position":[-138.632,155.015,90.4194],"rotation":[-8.62261e-06,-8.04566,-137.027],"scale":[1,1,0.999999],"scaleCompensation":false},{"name":"Bone172","position":[-162.659,132.63,95.0617],"rotation":[1.81041e-05,-7.96928,-127.993],"scale":[1,1,1],"scaleCompensation":false},{"name":"Bone173","position":[-183.059,106.513,99.701],"rotation":[2.06866e-05,-7.89506,-118.959],"scale":[1,1,1],"scaleCompensation":false},{"name":"Bone174","position":[-199.25,77.2545,104.338],"rotation":[2.32684e-05,-7.8219,-109.927],"scale":[1,1,1],"scaleCompensation":false},{"name":"Bone175","position":[-210.749,45.5355,108.973],"rotation":[8.61644e-06,-7.74995,-100.895],"scale":[1,1,1],"scaleCompensation":false},{"name":"Bone176","position":[-217.182,12.1105,113.605],"rotation":[2.79988e-05,-7.67942,-91.8635],"scale":[1,1,0.999999],"scaleCompensation":false},{"name":"Bone177","position":[-218.299,-22.209,118.235],"rotation":[2.0242e-05,-7.61002,-82.8329],"scale":[1,0.999999,1],"scaleCompensation":false},{"name":"Bone178","position":[-213.977,-56.5748,122.863],"rotation":[2.23918e-05,-7.54141,-73.8035],"scale":[1,1,1],"scaleCompensation":false},{"name":"Bone179","position":[-204.232,-90.1233,127.488],"rotation":[2.06662e-05,-7.47495,-64.7729],"scale":[1,1,1],"scaleCompensation":false},{"name":"Bone180","position":[-189.216,-121.996,132.111],"rotation":[4.82139e-05,-7.40925,-55.7435],"scale":[0.999999,1,1],"scaleCompensation":false},{"name":"Bone181","position":[-169.215,-151.364,136.732],"rotation":[1.72167e-05,-7.34376,-46.7159],"scale":[1,1,1],"scaleCompensation":false},{"name":"Bone182","position":[-144.649,-177.447,141.35],"rotation":[1.69991e-05,-7.28191,-37.687],"scale":[1,1,1],"scaleCompensation":false},{"name":"Bone183","position":[-116.06,-199.533,145.966],"rotation":[2.82811e-05,-7.2188,-28.6593],"scale":[0.999999,1,1],"scaleCompensation":false},{"name":"Bone184","position":[-84.0974,-217.002,150.579],"rotation":[4.1303e-05,-7.15776,-19.6323],"scale":[1,1,1],"scaleCompensation":false},{"name":"Bone185","position":[-49.5098,-229.34,155.191],"rotation":[3.3124e-05,-7.09709,-10.6053],"scale":[0.999999,1,1],"scaleCompensation":false},{"name":"Bone186","position":[-13.1228,-236.153,159.8],"rotation":[4.47332e-05,-7.03772,-1.57945],"scale":[1,1,1],"scaleCompensation":false},{"name":"Bone187","position":[24.1795,-237.182,164.407],"rotation":[2.83848e-05,-6.97934,7.44671],"scale":[1,1,1],"scaleCompensation":false},{"name":"Bone188","position":[61.4757,-232.307,169.011],"rotation":[3.01014e-06,-6.92189,16.472],"scale":[0.999999,1,1],"scaleCompensation":false},{"name":"Bone189","position":[97.8297,-221.558,173.614],"rotation":[2.57982e-05,-6.86549,25.497],"scale":[0.999999,1,1],"scaleCompensation":false},{"name":"Bone190","position":[132.315,-205.111,178.214],"rotation":[-8.16847e-06,-6.80994,34.5215],"scale":[1,1,1],"scaleCompensation":false},{"name":"Bone191","position":[164.039,-183.291,182.812],"rotation":[2.47176e-06,-6.75516,43.5458],"scale":[1,0.999999,1],"scaleCompensation":false},{"name":"Bone192","position":[192.162,-156.561,187.408],"rotation":[1.71929e-06,-6.70157,52.5695],"scale":[1,1,1],"scaleCompensation":false},{"name":"Bone193","position":[215.924,-125.515,192.001],"rotation":[-5.15733e-06,-6.6485,61.5926],"scale":[1,1,1],"scaleCompensation":false},{"name":"Bone194","position":[234.664,-90.8664,196.593],"rotation":[-6.23111e-06,-6.59646,70.6158],"scale":[1,1,1],"scaleCompensation":false},{"name":"Bone195","position":[247.836,-53.428,201.182],"rotation":[-1.16016e-05,-6.54497,79.6385],"scale":[1,1,1],"scaleCompensation":false},{"name":"Bone196","position":[255.028,-14.0961,205.77],"rotation":[-2.57786e-06,-6.49436,88.6608],"scale":[1,1,1],"scaleCompensation":false},{"name":"Bone197","position":[255.97,26.173,210.354],"rotation":[-1.28881e-06,-6.44596,97.6846],"scale":[1,1,1],"scaleCompensation":false},{"name":"Bone198","position":[250.545,66.3842,214.938],"rotation":[1.0739e-06,-6.39574,106.704],"scale":[1,1,1],"scaleCompensation":false},{"name":"Bone199","position":[238.797,105.531,219.52],"rotation":[1.1597e-05,-6.34737,115.726],"scale":[1,1,1],"scaleCompensation":false},{"name":"Bone200","position":[220.928,142.618,224.1],"rotation":[-6.01272e-06,-6.29931,124.747],"scale":[1,1,1],"scaleCompensation":false},{"name":"Bone201","position":[197.296,176.687,228.675],"rotation":[8.15941e-06,-6.25471,133.767],"scale":[1,1,1],"scaleCompensation":false},{"name":"Bone202","position":[168.41,206.843,233.252],"rotation":[-8.58807e-06,-6.20695,142.788],"scale":[1,1,1],"scaleCompensation":false},{"name":"Bone203","position":[134.919,232.276,237.826],"rotation":[1.2881e-06,-6.16121,151.808],"scale":[1,1,1],"scaleCompensation":false},{"name":"Bone204","position":[97.5933,252.283,242.397],"rotation":[3.43464e-06,-6.11632,160.828],"scale":[0.999999,1,1],"scaleCompensation":false},{"name":"Bone205","position":[57.3133,266.288,246.967],"rotation":[1.4596e-05,-6.07185,169.847],"scale":[1,1,1],"scaleCompensation":false},{"name":"Bone206","position":[15.0458,273.859,251.535],"rotation":[2.1463e-05,-6.02857,178.868],"scale":[1,1,1],"scaleCompensation":false},{"name":"Bone207","position":[-28.1822,274.715,256.101],"rotation":[1.54522e-05,-5.98567,-172.113],"scale":[1,1,1],"scaleCompensation":false},{"name":"Bone208","position":[-71.3021,268.743,260.665],"rotation":[2.31765e-05,-5.94368,-163.094],"scale":[0.999999,1,1],"scaleCompensation":false},{"name":"Bone209","position":[-113.235,255.998,265.228],"rotation":[2.23164e-05,-5.90164,-154.078],"scale":[0.999999,1,1],"scaleCompensation":false},{"name":"Bone210","position":[-152.918,236.71,269.789],"rotation":[2.05982e-05,-5.8605,-145.06],"scale":[1,1,1],"scaleCompensation":false},{"name":"Bone211","position":[-189.33,211.271,274.348],"rotation":[2.02213e-05,-5.81984,-136.042],"scale":[1,0.999999,1],"scaleCompensation":false},{"name":"Bone212","position":[-221.517,180.234,278.906],"rotation":[1.45883e-05,-5.77944,-127.024],"scale":[1,0.999999,1],"scaleCompensation":false},{"name":"Bone213","position":[-248.619,144.3,283.461],"rotation":[1.80196e-05,-5.74029,-118.007],"scale":[1,1,1],"scaleCompensation":false},{"name":"Bone214","position":[-269.893,104.301,288.015],"rotation":[1.02962e-05,-5.70183,-108.99],"scale":[1,0.999999,1],"scaleCompensation":false},{"name":"Bone215","position":[-284.731,61.1828,292.568],"rotation":[7.72165e-06,-5.66284,-99.9728],"scale":[1,1,1],"scaleCompensation":false},{"name":"Bone216","position":[-292.679,15.9807,297.12],"rotation":[3.64609e-06,-5.62388,-90.957],"scale":[1,1,1],"scaleCompensation":false},{"name":"Bone217","position":[-293.449,-30.2037,301.67],"rotation":[4.91922e-06,-5.58566,-81.9418],"scale":[1,1,1],"scaleCompensation":false},{"name":"Bone218","position":[-286.931,-76.2299,306.216],"rotation":[-8.57796e-06,-5.55026,-72.9255],"scale":[1,0.999999,1],"scaleCompensation":false},{"name":"Bone219","position":[-273.195,-120.951,310.763],"rotation":[-2.57323e-06,-5.51434,-63.9076],"scale":[1,1,1],"scaleCompensation":false},{"name":"Bone220","position":[-252.489,-163.23,315.307],"rotation":[-2.91615e-05,-5.47914,-54.8917],"scale":[1,1,1],"scaleCompensation":false},{"name":"Bone221","position":[-225.243,-201.985,319.851],"rotation":[-1.71528e-05,-5.44276,-45.8762],"scale":[1,1,1],"scaleCompensation":false},{"name":"Bone222","position":[-192.056,-236.204,324.393],"rotation":[-3.43036e-05,-5.40765,-36.8606],"scale":[1,1,1],"scaleCompensation":false},{"name":"Bone223","position":[-153.678,-264.976,328.933],"rotation":[-8.14663e-06,-5.37299,-27.8463],"scale":[0.999999,1,1],"scaleCompensation":false},{"name":"Bone224","position":[-111.006,-287.519,333.472],"rotation":[-1.88648e-05,-5.33869,-18.8304],"scale":[1,1,1],"scaleCompensation":false},{"name":"Bone225","position":[-65.0483,-303.191,338.01],"rotation":[-1.97212e-05,-5.30535,-9.81639],"scale":[0.999999,1,1],"scaleCompensation":false},{"name":"Bone226","position":[-16.9109,-311.52,342.546],"rotation":[-1.20036e-05,-5.27172,-0.801028],"scale":[0.999999,1,1],"scaleCompensation":false},{"name":"Bone227","position":[32.2329,-312.207,347.081],"rotation":[-2.57206e-05,-5.23871,8.21352],"scale":[1,1,1],"scaleCompensation":false},{"name":"Bone228","position":[81.1706,-305.143,351.615],"rotation":[-1.28596e-05,-5.20644,17.2276],"scale":[0.999999,1,1],"scaleCompensation":false},{"name":"Bone229","position":[128.68,-290.412,356.147],"rotation":[-1.45735e-05,-5.17426,26.2418],"scale":[1,1,1],"scaleCompensation":false},{"name":"Bone230","position":[173.56,-268.287,360.677],"rotation":[-1.80017e-05,-5.14393,35.2557],"scale":[1,1,1],"scaleCompensation":false},{"name":"Bone231","position":[214.661,-239.233,365.208],"rotation":[-2.12153e-05,-5.11106,44.2693],"scale":[1,0.999999,1],"scaleCompensation":false},{"name":"Bone232","position":[250.915,-203.892,369.736],"rotation":[-2.4857e-05,-5.08025,53.2831],"scale":[1,1,1],"scaleCompensation":false},{"name":"Bone233","position":[281.362,-163.07,374.264],"rotation":[-1.54278e-05,-5.04973,62.2965],"scale":[1,1,1],"scaleCompensation":false},{"name":"Bone234","position":[305.176,-117.719,378.79],"rotation":[-3.59965e-05,-5.01943,71.3085],"scale":[1,1,1],"scaleCompensation":false},{"name":"Bone235","position":[321.694,-68.8938,383.314],"rotation":[-2.73261e-05,-4.52952,80.3214],"scale":[1,1,1],"scaleCompensation":false},{"name":"Bone236","position":[330.418,-17.7416,387.425],"rotation":[-2.44595e-05,-3.54786,89.3362],"scale":[1,1,1],"scaleCompensation":false},{"name":"Bone237","position":[331.023,34.4595,390.661],"rotation":[-2.33462e-05,-2.78099,98.3481],"scale":[1,1,1],"scaleCompensation":false},{"name":"Bone238","position":[323.4,86.4051,393.213],"rotation":[-2.73355e-05,-1.8846,107.362],"scale":[1,1,1],"scaleCompensation":false},{"name":"Bone239","position":[307.647,136.79,394.947],"rotation":[-3.5015e-05,-1.39047,116.375],"scale":[1,1,1],"scaleCompensation":false},{"name":"Bone240","position":[284.081,184.318,396.235],"rotation":[-2.90367e-05,-1.37943,125.386],"scale":[1,1,1],"scaleCompensation":false},{"name":"Bone241","position":[253.199,227.796,397.519],"rotation":[-3.67227e-05,-1.37167,134.398],"scale":[1,1,1],"scaleCompensation":false},{"name":"Bone242","position":[215.674,266.118,398.804],"rotation":[-2.98905e-05,-1.3636,143.41],"scale":[1,1,1],"scaleCompensation":false},{"name":"Bone243","position":[172.363,298.272,400.088],"rotation":[-3.67225e-05,-1.35584,152.422],"scale":[1,1,1],"scaleCompensation":false},{"name":"Bone244","position":[124.279,323.386,401.372],"rotation":[-4.09924e-05,-1.34733,161.434],"scale":[1,1,1],"scaleCompensation":false},{"name":"Bone245","position":[72.5646,340.756,402.657],"rotation":[-1.11021e-05,-1.33929,170.445],"scale":[1,1,1],"scaleCompensation":false},{"name":"Bone246","position":[18.466,349.862,403.939],"rotation":[5.97803e-06,-1.33304,179.457],"scale":[1,1,1],"scaleCompensation":false},{"name":"Bone247","position":[-36.6976,350.385,405.223],"rotation":[2.9463e-05,-1.32557,-171.532],"scale":[1,1,1],"scaleCompensation":false},{"name":"Bone248","position":[-91.5649,342.216,406.507],"rotation":[4.86779e-05,-1.31819,-162.52],"scale":[1,1,1],"scaleCompensation":false},{"name":"Bone249","position":[-144.767,325.461,407.79],"rotation":[6.02067e-05,-1.31134,-153.509],"scale":[1,1,1],"scaleCompensation":false},{"name":"Bone250","position":[-194.963,300.445,409.076],"rotation":[6.78923e-05,-1.30153,-144.498],"scale":[0.999999,1,1],"scaleCompensation":false},{"name":"Bone251","position":[-240.871,267.697,410.36],"rotation":[9.69276e-05,-1.29431,-135.487],"scale":[0.999999,1,1],"scaleCompensation":false},{"name":"Bone252","position":[-281.301,227.949,411.641],"rotation":[0.000107176,-1.2896,-126.477],"scale":[1,1,1],"scaleCompensation":false},{"name":"Bone253","position":[-315.189,182.112,412.924],"rotation":[0.000102025,-1.28317,-117.466],"scale":[1,1,1],"scaleCompensation":false},{"name":"Bone254","position":[-341.622,131.262,414.207],"rotation":[0.000102818,-1.2759,-108.455],"scale":[1,1,1],"scaleCompensation":false},{"name":"Bone255","position":[-359.861,76.609,415.491],"rotation":[0.000112419,-1.26915,-99.4448],"scale":[1,1,1],"scaleCompensation":false},{"name":"Bone256","position":[-369.366,19.4719,416.775],"rotation":[0.000118063,-1.26092,-90.4344],"scale":[1,1,1],"scaleCompensation":false},{"name":"Bone257","position":[-369.807,-38.7552,418.057],"rotation":[0.000116141,-1.25574,-81.4243],"scale":[1,1,1],"scaleCompensation":false},{"name":"Bone258","position":[-361.079,-96.6355,419.34],"rotation":[0.000108455,-1.24918,-72.4146],"scale":[1,1,1],"scaleCompensation":false},{"name":"Bone259","position":[-343.301,-152.727,420.623],"rotation":[0.000102263,-1.24269,-63.4042],"scale":[1,1,1],"scaleCompensation":false},{"name":"Bone260","position":[-316.821,-205.616,421.907],"rotation":[9.52174e-05,-1.23521,-54.3944],"scale":[0.999997,1.00001,1],"scaleCompensation":false},{"name":"Bone261","position":[-282.207,-253.955,423.189],"rotation":[6.66095e-05,-1.22971,-45.3846],"scale":[1,1,1],"scaleCompensation":false},{"name":"Bone262","position":[-240.234,-296.495,424.472],"rotation":[4.69682e-05,-1.22345,-36.3746],"scale":[1,1,1],"scaleCompensation":false},{"name":"Bone263","position":[-191.87,-332.118,425.755],"rotation":[3.92823e-05,-1.21739,-27.3658],"scale":[1,1,1],"scaleCompensation":false},{"name":"Bone264","position":[-138.207,-359.894,427.04],"rotation":[2.73268e-05,-1.21739,-27.3657],"scale":[1,1,1],"scaleCompensation":false},{"name":"Bone265","position":[-81.5631,-380.318,427.04],"rotation":[1.36634e-05,-1.21739,-27.3657],"scale":[1,1,1],"scaleCompensation":false},{"name":"Bone266","position":[-49.2537,-381.836,427.04],"rotation":[8.53964e-07,-1.21735,-27.3657],"scale":[1,1,1],"scaleCompensation":false},{"name":"Bone267","position":[-28.9156,-383.381,427.04],"rotation":[3.41585e-06,-1.21735,-27.3657],"scale":[1,1,1],"scaleCompensation":false},{"name":"Bone268","position":[-8.28368,-385.762,427.04],"rotation":[-3.41586e-06,-1.21733,-27.3657],"scale":[1,1,1],"scaleCompensation":false},{"name":"Bone269","position":[12.3145,-384.776,427.04],"rotation":[-5.12378e-06,-1.21732,-27.3657],"scale":[1,1,1],"scaleCompensation":false},{"name":"Bone270","position":[33.3136,-383.693,427.04],"rotation":[-1.28095e-05,-1.21734,-27.3657],"scale":[1,1,1],"scaleCompensation":false},{"name":"Bone271","position":[53.7238,-379.723,427.04],"rotation":[-4.88361e-06,-1.2173,-27.3657],"scale":[1,1,1],"scaleCompensation":false},{"name":"Bone272","position":[71.5839,-372.69,427.041],"rotation":[-5.01704e-06,-1.2173,-27.3657],"scale":[1,1,1],"scaleCompensation":false},{"name":"Bone273","position":[89.6536,-365.488,427.04],"rotation":[-4.85692e-06,-1.2173,-27.3657],"scale":[1,1,1],"scaleCompensation":false}],"parents":[-1,0,1,1,1,1,1,1,1,1,1,1,1,1,1,1,1,1,1,1,1,1,1,1,1,1,1,1,1,1,1,1,1,1,1,1,1,1,1,1,1,1,1,1,1,1,1,1,1,1,1,1,1,1,1,1,1,1,1,1,1,1,1,1,1,1,1,1,1,1,1,1,1,1,1,1,1,1,1,1,1,1,1,1,1,1,1,1,1,1,1,1,1,1,1,1,1,1,1,1,1,1,1,1,1,1,1,1,1,1,1,1,1,1,1,1,1,1,1,1,1,1,1,1,1,1,1,1,1,1,1,1,1,1,1,1,1,1,1],"skins":[{"inverseBindMatrices":[[0.88789,0.459669,-0.0188668,0,0.0212443,-9.4974e-08,0.999774,0,0.459565,-0.888091,-0.00976543,0,-51.7542,383.146,-426.038,1],[0.88789,0.459669,-0.0188668,0,0.0212442,-7.45058e-09,0.999774,0,0.459565,-0.888091,-0.00976531,0,8.68539,383.146,-426.036,1],[0.88789,0.459669,-0.0188669,0,0.0212444,-1.83238e-07,0.999774,0,0.459565,-0.888091,-0.00976555,0,-111.433,375.247,-424.77,1],[0.88789,0.459669,-0.0188667,0,0.0212443,-2.70084e-07,0.999774,0,0.459565,-0.888091,-0.00976556,0,-140.818,361.744,-424.145,1],[0.247282,0.968943,-0.0006431,0,0.00260067,-1.45519e-11,0.999997,0,0.96894,-0.247283,-0.0025199,0,-1.66003,143.395,-8.21321,1],[0.396991,0.917805,-0.00575128,0,0.0144857,-1.74623e-10,0.999895,0,0.917708,-0.397032,-0.013295,0,-1.11959,145.373,-8.26014,1],[0.536572,0.843739,-0.0139991,0,0.026081,3.72529e-09,0.99966,0,0.843452,-0.536754,-0.0220055,0,-1.0717,147.349,-8.58462,1],[0.662579,0.748587,-0.0246013,0,0.037104,1.11759e-08,0.999312,0,0.748072,-0.663036,-0.0277756,0,-1.03473,149.325,-9.18726,1],[0.771855,0.634748,-0.0365184,0,0.0472597,-9.31322e-08,0.998883,0,0.634039,-0.772719,-0.0299981,0,-1.01444,151.3,-10.0618,1],[0.861703,0.50508,-0.0486011,0,0.0563118,-5.58793e-09,0.998413,0,0.504278,-0.863072,-0.0284419,0,-1.01458,153.274,-11.1941,1],[0.929948,0.362817,-0.0596678,0,0.0640309,7.45059e-09,0.997948,0,0.362073,-0.931861,-0.0232315,0,-1.0317,155.248,-12.5635,1],[0.974959,0.211523,-0.0686396,0,0.0702287,-2.23517e-08,0.997531,0,0.211001,-0.977373,-0.014855,0,-1.06258,157.221,-14.1427,1],[0.995694,0.0549771,-0.074642,0,0.0747551,-3.72529e-09,0.997202,0,0.0548233,-0.998488,-0.00410982,0,-1.09908,159.192,-15.8984,1],[0.9917,-0.102892,-0.0770915,0,0.0775028,7.97973e-17,0.996992,0,-0.102582,-0.994693,0.00797442,0,-1.13411,161.162,-17.7922,1],[0.963107,-0.258238,-0.0757455,0,0.0784048,-1.76951e-08,0.996921,0,-0.257443,-0.966082,0.0202471,0,-1.13914,163.133,-19.7824,1],[0.910662,-0.407051,-0.0707372,0,0.0774433,-1.39698e-09,0.996997,0,-0.405829,-0.913405,0.0315234,0,-1.12367,165.1,-21.8212,1],[0.835626,-0.545726,-0.0625398,0,0.0746331,1.02445e-08,0.997211,0,-0.544204,-0.837963,0.0407292,0,-1.05611,167.067,-23.8612,1],[0.739836,-0.670778,-0.051952,0,0.0700484,-1.86265e-08,0.997544,0,-0.669131,-0.741658,0.046987,0,-0.930261,169.034,-25.8516,1],[0.62561,-0.77911,-0.0399946,0,0.0637987,1.49012e-08,0.997963,0,-0.777523,-0.626887,0.0497062,0,-0.734236,171.001,-27.7422,1],[0.495744,-0.868023,-0.0278193,0,0.0560281,-2.98023e-08,0.998429,0,-0.86666,-0.496523,0.0486337,0,-0.463943,172.967,-29.4836,1],[0.353426,-0.935315,-0.0166047,0,0.0469304,-1.49012e-08,0.998898,0,-0.934284,-0.353816,0.0438947,0,-0.118834,174.934,-31.0285,1],[0.202183,-0.979319,-0.0074367,0,0.0367574,2.23517e-08,0.999324,0,-0.978658,-0.202319,0.0359972,0,0.29601,176.902,-32.3337,1],[0.0457573,-0.998951,-0.00156305,0,0.0341397,2.94903e-16,0.999417,0,-0.998369,-0.045784,0.0341039,0,0.498429,178.87,-33.3673,1],[-0.111599,-0.993729,0.00695774,0,0.0622253,3.72529e-09,0.998062,0,-0.991803,0.111815,0.061835,0,-0.339843,180.836,-34.3424,1],[-0.266015,-0.963785,0.0188325,0,0.0706179,8.94069e-08,0.997503,0,-0.961378,0.266681,0.0680604,0,-0.575127,182.799,-36.1292,1],[-0.412764,-0.909893,0.0414773,0,0.0999831,1.49012e-08,0.994989,0,-0.905334,0.414843,0.0909739,0,-1.67177,184.757,-38.1489,1],[-0.549115,-0.833365,0.0630526,0,0.114076,1.49012e-08,0.993472,0,-0.827925,0.552723,0.0950672,0,-2.35821,186.71,-41.0571,1],[-0.669161,-0.73617,0.101372,0,0.149783,1.49012e-08,0.988719,0,-0.727865,0.676796,0.110265,0,-4.15621,188.656,-44.3212,1],[-0.775371,-0.620641,0.11664,0,0.148757,7.45058e-09,0.988874,0,-0.613735,0.784095,0.0923247,0,-4.58462,190.596,-48.8182,1],[-0.862311,-0.489723,0.128808,0,0.147737,-7.45059e-09,0.989027,0,-0.484349,0.871878,0.0723501,0,-5.03536,192.533,-53.3292,1],[-0.927826,-0.346652,0.137739,0,0.146844,-2.38419e-07,0.989159,0,-0.342894,0.937994,0.050904,0,-5.48688,194.466,-57.8536,1],[-0.970289,-0.194983,0.143254,0,0.146057,-4.47035e-08,0.989276,0,-0.192892,0.980807,0.0284787,0,-5.93947,196.396,-62.3952,1],[-0.988416,-0.0384936,0.146804,0,0.146913,8.3819e-09,0.989149,0,-0.0380759,0.999258,0.00565519,0,-6.49988,198.323,-66.946,1],[-0.982342,0.118914,0.144444,0,0.145477,-2.15368e-08,0.989362,0,0.117649,0.992905,-0.0172992,0,-6.91875,200.247,-71.5828,1],[-0.951863,0.273413,0.138571,0,0.14406,5.58793e-08,0.989568,0,0.270561,0.961897,-0.0393879,0,-7.31717,202.169,-76.2201,1],[-0.897737,0.4211,0.129399,0,0.142664,1.44355e-08,0.989771,0,0.416792,0.907014,-0.0600759,0,-7.70684,204.088,-80.8561,1],[-0.821307,0.558312,0.117229,0,0.141302,3.72529e-08,0.989966,0,0.55271,0.829631,-0.0788907,0,-8.0897,206.005,-85.4899,1],[-0.724468,0.68166,0.102407,0,0.139963,-1.37836e-07,0.990157,0,0.67495,0.73167,-0.095407,0,-8.46273,207.919,-90.1221,1],[-0.609615,0.78809,0.0853427,0,0.138642,-5.96046e-08,0.990342,0,0.780479,0.61556,-0.109263,0,-8.82458,209.832,-94.7534,1],[-0.4796,0.874963,0.0665078,0,0.137359,-1.16415e-08,0.990521,0,0.86667,0.484189,-0.120184,0,-9.1783,211.742,-99.3823,1],[-0.33765,0.940128,0.0463838,0,0.136094,-2.98023e-08,0.990696,0,0.931381,0.340821,-0.127946,0,-9.52294,213.65,-104.01,1],[-0.187285,0.981975,0.0254882,0,0.13485,-1.02445e-08,0.990866,0,0.973006,0.189011,-0.13242,0,-9.8586,215.557,-108.636,1],[-0.0322268,0.999471,0.00434541,0,0.13363,4.09782e-08,0.991032,0,0.990507,0.0325184,-0.13356,0,-10.1844,217.461,-113.26,1],[0.123665,0.992187,-0.0165224,0,0.13243,-3.72529e-08,0.991193,0,0.983448,-0.124763,-0.131395,0,-10.5032,219.364,-117.883,1],[0.27652,0.96031,-0.0366079,0,0.131243,-8.32666e-17,0.99135,0,0.952004,-0.278932,-0.126034,0,-10.8153,221.265,-122.504,1],[0.422586,0.904625,-0.0554466,0,0.130093,-7.45058e-09,0.991502,0,0.896938,-0.426208,-0.117685,0,-11.1143,223.165,-127.123,1],[0.558199,0.826526,-0.0725892,0,0.128956,1.49012e-08,0.99165,0,0.819625,-0.562899,-0.106585,0,-11.4075,225.063,-131.74,1],[0.679992,0.727963,-0.087637,0,0.127822,2.77556e-17,0.991797,0,0.721992,-0.685616,-0.0930499,0,-11.6959,226.959,-136.356,1],[0.784979,0.611348,-0.100306,0,0.126752,-7.45058e-09,0.991934,0,0.606417,-0.791362,-0.0774893,0,-11.976,228.855,-140.969,1],[0.870532,0.4796,-0.110264,0,0.125659,3.49246e-09,0.992073,0,0.475799,-0.877487,-0.0602661,0,-12.2458,230.749,-145.581,1],[0.934528,0.335983,-0.117359,0,0.124602,-7.45058e-09,0.992207,0,0.333365,-0.941868,-0.0418641,0,-12.5119,232.642,-150.191,1],[0.975387,0.184044,-0.12144,0,0.123551,1.49012e-08,0.992338,0,0.182634,-0.982918,-0.0227388,0,-12.768,234.534,-154.8,1],[0.992088,0.0275633,-0.122476,0,0.122522,7.02563e-17,0.992466,0,0.0273556,-0.99962,-0.00337712,0,-13.0203,236.425,-159.406,1],[0.984218,-0.129603,-0.120486,0,0.121511,7.45058e-09,0.99259,0,-0.128643,-0.991566,0.0157482,0,-13.2635,238.315,-164.011,1],[0.95197,-0.283545,-0.11557,0,0.120517,-9.68575e-08,0.992711,0,-0.281479,-0.958959,0.0341718,0,-13.5023,240.204,-168.613,1],[0.896136,-0.430464,-0.107896,0,0.119538,3.46945e-17,0.99283,0,-0.427377,-0.902608,0.0514569,0,-13.7336,242.092,-173.214,1],[0.818101,-0.566715,-0.0976965,0,0.118576,2.04891e-08,0.992945,0,-0.562717,-0.823914,0.0671989,0,-13.9598,243.979,-177.813,1],[0.719793,-0.688933,-0.0852589,0,0.117627,-3.72529e-09,0.993058,0,-0.684151,-0.724825,0.0810371,0,-14.179,245.865,-182.411,1],[0.603647,-0.79409,-0.0709289,0,0.116698,2.23517e-08,0.993167,0,-0.788665,-0.6078,0.0926685,0,-14.3942,247.751,-187.006,1],[0.472539,-0.879587,-0.0550799,0,0.115778,2.6077e-08,0.993275,0,-0.873672,-0.475738,0.101837,0,-14.6032,249.636,-191.599,1],[0.329703,-0.943314,-0.0381272,0,0.114876,-7.45058e-09,0.99338,0,-0.93707,-0.3319,0.108364,0,-14.8049,251.521,-196.191,1],[0.178685,-0.983692,-0.0205007,0,0.113983,-1.49012e-08,0.993483,0,-0.977282,-0.179857,0.112124,0,-15.0019,253.404,-200.781,1],[0.023222,-0.999727,-0.00264354,0,0.113106,-2.98023e-08,0.993583,0,-0.993312,-0.023372,0.113075,0,-15.1941,255.288,-205.369,1],[-0.132873,-0.991019,0.0150121,0,0.112266,-9.77888e-09,0.993678,0,-0.984754,0.133719,0.111258,0,-15.3778,257.171,-209.955,1],[-0.285646,-0.9578,0.0320188,0,0.111395,-7.45058e-09,0.993776,0,-0.951839,0.287435,0.106694,0,-15.5628,259.053,-214.54,1],[-0.431403,-0.900882,0.0479885,0,0.110556,2.98023e-08,0.99387,0,-0.89536,0.434064,0.0995981,0,-15.7397,260.935,-219.123,1],[-0.56651,-0.821678,0.0625364,0,0.109722,1.49012e-08,0.993962,0,-0.816717,0.569952,0.0901564,0,-15.9092,262.817,-223.705,1],[-0.687614,-0.722155,0.0753633,0,0.108949,6.93889e-18,0.994048,0,-0.717856,0.691731,0.0786779,0,-16.0857,264.698,-228.282,1],[-0.791732,-0.60477,0.0861069,0,0.10812,-7.45058e-09,0.994138,0,-0.601225,0.7964,0.0653878,0,-16.2423,266.579,-232.861,1],[-0.876275,-0.472433,0.0945941,0,0.107327,-9.71445e-17,0.994224,0,-0.469704,0.881366,0.0507047,0,-16.4,268.46,-237.437,1],[-0.939157,-0.328413,0.100639,0,0.106549,-1.04308e-07,0.994307,0,-0.326544,0.944534,0.0349921,0,-16.5529,270.341,-242.011,1],[-0.978818,-0.176277,0.10412,0,0.105776,3.72529e-09,0.99439,0,-0.175289,0.98434,0.0186459,0,-16.7011,272.221,-246.584,1],[-0.994275,-0.019756,0.105004,0,0.105025,2.23517e-08,0.994469,0,-0.0196468,0.999805,0.00207485,0,-16.8381,274.103,-251.156,1],[-0.98514,0.137224,0.103293,0,0.10428,1.49012e-08,0.994548,0,0.136476,0.99054,-0.0143097,0,-16.9777,275.983,-255.725,1],[-0.95164,0.2908,0.0990758,0,0.103551,-3.72529e-09,0.994624,0,0.289237,0.956784,-0.0301126,0,-17.1156,277.863,-260.292,1],[-0.894622,0.437149,0.0924761,0,0.102821,-1.49012e-08,0.9947,0,0.434832,0.899389,-0.044948,0,-17.258,279.742,-264.857,1],[-0.815465,0.572722,0.083702,0,0.102107,-2.51457e-08,0.994773,0,0.569729,0.819749,-0.0584788,0,-17.3863,281.623,-269.422,1],[-0.716137,0.694133,0.0729928,0,0.1014,-2.60771e-08,0.994846,0,0.690555,0.719848,-0.0703853,0,-17.5114,283.503,-273.985,1],[-0.599094,0.798379,0.0606365,0,0.100699,-1.49012e-08,0.994917,0,0.794321,0.602155,-0.0803962,0,-17.6313,285.383,-278.546,1],[-0.467224,0.882891,0.0469669,0,0.100019,-7.45058e-09,0.994986,0,0.878464,0.469578,-0.0883062,0,-17.7501,287.263,-283.106,1],[-0.32379,0.945577,0.0323288,0,0.0993511,-1.11759e-08,0.995053,0,0.940898,0.3254,-0.0939442,0,-17.8664,289.144,-287.663,1],[-0.172336,0.98489,0.0170884,0,0.0986739,7.21775e-09,0.99512,0,0.980084,0.173181,-0.097183,0,-17.9736,291.024,-292.221,1],[-0.0166204,0.999861,0.00163663,0,0.0979971,-9.31323e-10,0.995187,0,0.995048,0.0167008,-0.0979834,0,-18.0795,292.905,-296.777,1],[0.139514,0.990126,-0.0136442,0,0.0973333,-2.79397e-09,0.995251,0,0.985424,-0.14018,-0.0963722,0,-18.1854,294.785,-301.331,1],[0.292239,0.955924,-0.028398,0,0.0967186,-4.51028e-17,0.995312,0,0.951442,-0.293615,-0.0924556,0,-18.2927,296.666,-305.881,1],[0.437786,0.898085,-0.0422643,0,0.0960942,5.58793e-08,0.995372,0,0.893929,-0.439821,-0.0863008,0,-18.383,298.548,-310.433,1],[0.572497,0.818066,-0.0549149,0,0.0954838,-1.8999e-07,0.995431,0,0.814328,-0.575125,-0.0781121,0,-18.4803,300.43,-314.981,1],[0.693073,0.717836,-0.0660365,0,0.0948512,-2.77556e-16,0.995491,0,0.7146,-0.696212,-0.0680876,0,-18.5667,302.312,-319.53,1],[0.796537,0.599869,-0.0754027,0,0.0942418,-1.49012e-08,0.995549,0,0.597199,-0.800098,-0.0565328,0,-18.6526,304.194,-324.077,1],[0.88032,0.4671,-0.0827959,0,0.0936389,1.49012e-08,0.995606,0,0.465048,-0.884205,-0.0437387,0,-18.7416,306.076,-328.622,1],[0.942372,0.322767,-0.0880633,0,0.0930432,-2.44472e-08,0.995662,0,0.321367,-0.946478,-0.0300313,0,-18.8173,307.959,-333.166,1],[0.981138,0.17049,-0.09111,0,0.0924637,1.49012e-08,0.995716,0,0.16976,-0.985359,-0.0157641,0,-18.9023,309.841,-337.708,1],[0.995673,0.0139789,-0.091871,0,0.09188,-6.50521e-19,0.99577,0,0.0139198,-0.999902,-0.00128438,0,-18.9723,311.725,-342.25,1],[0.985608,-0.142863,-0.0903694,0,0.0913059,1.49012e-08,0.995823,0,-0.142267,-0.989743,0.0130443,0,-19.0437,313.609,-346.791,1],[0.951195,-0.296169,-0.0866739,0,0.0907451,2.00234e-08,0.995874,0,-0.294947,-0.955136,0.0268759,0,-19.116,315.493,-351.329,1],[0.893281,-0.44216,-0.080891,0,0.0901858,3.35276e-08,0.995925,0,-0.440358,-0.896936,0.0398766,0,-19.1826,317.377,-355.867,1],[0.813295,-0.577227,-0.0732141,0,0.089659,1.83936e-08,0.995972,0,-0.574902,-0.816584,0.0517536,0,-19.2552,319.262,-360.402,1],[0.713219,-0.698032,-0.0637928,0,0.0890878,7.45058e-09,0.996024,0,-0.695257,-0.716066,0.0621862,0,-19.3085,321.147,-364.939,1],[0.595513,-0.801599,-0.0529419,0,0.088552,-3.72529e-09,0.996072,0,-0.79845,-0.597862,0.0709832,0,-19.3674,323.033,-369.473,1],[0.463092,-0.885365,-0.0409208,0,0.0880214,-1.86265e-09,0.996119,0,-0.881929,-0.464896,0.077931,0,-19.4247,324.919,-374.006,1],[0.319241,-0.947258,-0.0280394,0,0.0874945,3.72529e-09,0.996165,0,-0.943626,-0.32047,0.08288,0,-19.4847,326.806,-378.537,1],[0.167595,-0.985767,-0.0132771,0,0.0789738,1.49012e-08,0.996877,0,-0.982687,-0.16812,0.0778497,0,-16.4855,328.697,-383.209,1],[0.0115621,-0.999933,-0.000716899,0,0.0618832,-2.6077e-08,0.998084,0,-0.998017,-0.0115843,0.061879,0,-10.0895,330.601,-387.543,1],[-0.145016,-0.989404,0.00704439,0,0.0485194,3.72529e-09,0.998822,0,-0.988239,0.145187,0.0480053,0,-5.00572,332.518,-390.879,1],[-0.298246,-0.954438,0.00981392,0,0.0328876,1.67638e-08,0.999459,0,-0.953922,0.298407,0.0313892,0,1.09697,334.449,-393.462,1],[-0.444111,-0.895907,0.0107804,0,0.0242669,3.72529e-09,0.999705,0,-0.895643,0.444242,0.0217409,0,4.52978,336.391,-395.174,1],[-0.57891,-0.815272,0.013941,0,0.0240744,1.86264e-09,0.99971,0,-0.815036,0.579078,0.0196272,0,4.69236,338.337,-396.463,1],[-0.699436,-0.714499,0.0167486,0,0.023939,1.93031e-08,0.999713,0,-0.714294,0.699637,0.0171043,0,4.86688,340.284,-397.75,1],[-0.802695,-0.596084,0.0191084,0,0.0237985,-3.72529e-09,0.999717,0,-0.595915,0.802923,0.0141859,0,5.04522,342.231,-399.037,1],[-0.886133,-0.462956,0.0209746,0,0.0236632,2.32831e-09,0.99972,0,-0.462827,0.886381,0.010955,0,5.22041,344.178,-400.324,1],[-0.947694,-0.3184,0.022291,0,0.0235147,-1.11759e-08,0.999723,0,-0.318312,0.947957,0.0074871,0,5.4023,346.126,-401.611,1],[-0.985858,-0.165987,0.0230506,0,0.0233748,7.45057e-09,0.999726,0,-0.165941,0.986128,0.0038799,0,5.58029,348.073,-402.898,1],[-0.999685,-0.00947851,0.0232651,0,0.0232662,-1.49012e-08,0.999729,0,-0.00947594,0.999955,0.000220544,0,5.74618,350.021,-404.183,1],[-0.988832,0.147265,0.0228833,0,0.0231355,-7.91624e-09,0.999732,0,0.147225,0.989097,-0.00340704,0,5.92207,351.969,-405.47,1],[-0.953571,0.300368,0.0219441,0,0.0230065,7.45058e-09,0.999735,0,0.300288,0.953823,-0.00691041,0,6.09689,353.916,-406.756,1],[-0.894773,0.446051,0.0204838,0,0.0228867,-1.30385e-08,0.999738,0,0.445934,0.895008,-0.0102086,0,6.26707,355.864,-408.041,1],[-0.813888,0.580727,0.0184926,0,0.0227154,3.72529e-09,0.999742,0,0.580578,0.814098,-0.0131915,0,6.46058,357.812,-409.33,1],[-0.712909,0.701071,0.0161078,0,0.0225887,9.31322e-10,0.999745,0,0.700892,0.713091,-0.0158363,0,6.6378,359.76,-410.616,1],[-0.594343,0.804101,0.01338,0,0.0225065,7.45058e-09,0.999747,0,0.803897,0.594494,-0.0180975,0,6.79312,361.709,-411.899,1],[-0.461103,0.887286,0.0103287,0,0.0223943,3.31784e-09,0.999749,0,0.887063,0.461219,-0.0198702,0,6.96306,363.657,-413.185,1],[-0.316484,0.948572,0.00704899,0,0.0222673,1.83354e-09,0.999752,0,0.948336,0.316562,-0.0211221,0,7.13993,365.605,-414.471,1],[-0.164057,0.986444,0.00363459,0,0.022149,2.32831e-09,0.999755,0,0.986202,0.164097,-0.0218488,0,7.31229,367.554,-415.756,1],[-0.00757914,0.999971,0.000166837,0,0.0220054,-1.49012e-08,0.999758,0,0.999729,0.00758098,-0.0220047,0,7.49662,369.503,-417.043,1],[0.149081,0.988819,-0.00326784,0,0.0219146,-9.31322e-10,0.99976,0,0.988582,-0.149117,-0.0216696,0,7.65798,371.451,-418.327,1],[0.302057,0.953267,-0.00658633,0,0.0217998,2.32831e-10,0.999762,0,0.953041,-0.302128,-0.020781,0,7.82798,373.4,-419.612,1],[0.44759,0.894186,-0.00970864,0,0.0216858,-9.31322e-10,0.999765,0,0.893976,-0.447695,-0.0193912,0,8.00355,375.349,-420.897,1],[0.58207,0.813042,-0.0125488,0,0.0215541,-1.58325e-07,0.999767,0,0.812853,-0.582205,-0.0175245,0,8.18293,377.299,-422.183,1],[0.702184,0.711836,-0.0150719,0,0.0214594,1.11759e-08,0.99977,0,0.711672,-0.702346,-0.0152756,0,8.34769,379.248,-423.467,1],[0.804974,0.593061,-0.0171902,0,0.0213502,-5.12228e-09,0.999772,0,0.592926,-0.805158,-0.0126619,0,8.52037,381.197,-424.752,1],[0.88789,0.459669,-0.0188668,0,0.0212443,-8.48377e-08,0.999774,0,0.459565,-0.888091,-0.00976541,0,-243.906,298.077,-421.955,1],[0.88789,0.459669,-0.0188667,0,0.0212442,-2.36556e-07,0.999774,0,0.459565,-0.888091,-0.00976551,0,-231.28,312.532,-422.223,1],[0.88789,0.459669,-0.0188669,0,0.0212444,-1.73694e-07,0.999774,0,0.459565,-0.888091,-0.00976553,0,-256.64,283.375,-421.684,1],[0.88789,0.459669,-0.0188668,0,0.0212443,-1.21072e-07,0.999774,0,0.459565,-0.888091,-0.00976546,0,-159.586,353.767,-423.746,1],[0.88789,0.459669,-0.0188667,0,0.0212442,-2.09082e-07,0.999774,0,0.459565,-0.888091,-0.00976547,0,-178.999,346.398,-423.334,1],[0.88789,0.459669,-0.0188667,0,0.0212443,-2.96992e-07,0.999774,0,0.459565,-0.888091,-0.00976559,0,-196.835,336.054,-422.955,1],[0.88789,0.459669,-0.0188669,0,0.0212444,-1.49012e-07,0.999774,0,0.459565,-0.888091,-0.0097655,0,-214.982,325.439,-422.569,1]],"boneNames":["Bone264","Bone263","Bone265","Bone266","Bone138","Bone139","Bone140","Bone141","Bone142","Bone143","Bone144","Bone145","Bone146","Bone147","Bone148","Bone149","Bone150","Bone151","Bone152","Bone153","Bone154","Bone155","Bone156","Bone157","Bone158","Bone159","Bone160","Bone161","Bone162","Bone163","Bone164","Bone165","Bone166","Bone167","Bone168","Bone169","Bone170","Bone171","Bone172","Bone173","Bone174","Bone175","Bone176","Bone177","Bone178","Bone179","Bone180","Bone181","Bone182","Bone183","Bone184","Bone185","Bone186","Bone187","Bone188","Bone189","Bone190","Bone191","Bone192","Bone193","Bone194","Bone195","Bone196","Bone197","Bone198","Bone199","Bone200","Bone201","Bone202","Bone203","Bone204","Bone205","Bone206","Bone207","Bone208","Bone209","Bone210","Bone211","Bone212","Bone213","Bone214","Bone215","Bone216","Bone217","Bone218","Bone219","Bone220","Bone221","Bone222","Bone223","Bone224","Bone225","Bone226","Bone227","Bone228","Bone229","Bone230","Bone231","Bone232","Bone233","Bone234","Bone235","Bone236","Bone237","Bone238","Bone239","Bone240","Bone241","Bone242","Bone243","Bone244","Bone245","Bone246","Bone247","Bone248","Bone249","Bone250","Bone251","Bone252","Bone253","Bone254","Bone255","Bone256","Bone257","Bone258","Bone259","Bone260","Bone261","Bone262","Bone272","Bone271","Bone273","Bone267","Bone268","Bone269","Bone270"]}],"morphs":[],"vertices":[{"position":{"type":"float32","components":3,"data":[-134.236,414.447,363.353,-133.593,415.289,367.489,-135.825,414.947,366.547,-132.057,414.806,364.421,-132.653,414.172,360.129,-130.543,414.538,361.316,-128.577,414.838,362.409,-130.037,415.098,365.421,-131.533,415.569,368.39,-129.077,424.268,357.497,-127.117,420.97,358.952,-129.044,420.865,357.748,-127.156,424.26,358.706,-127.205,417.697,359.36,-129.128,417.481,358.174,-131.1,420.748,356.411,-131.18,417.228,356.859,-131.126,424.287,356.154,-130.098,415.747,369.035,-128.629,415.284,366.131,-127.205,415.028,363.179,-126.39,415.022,363.651,-127.797,415.274,366.568,-129.248,415.737,369.436,-136.12,414.068,362.437,-134.461,413.784,359.074,-137.773,414.588,365.774,-137.448,413.731,361.797,-139.162,414.271,365.272,-135.717,413.438,358.302,-134.865,413.608,356.598,-133.656,413.946,357.431,-134.508,414.132,355.858,-133.322,414.449,356.718,-131.598,414.805,357.862,-131.903,414.325,358.548,-130.861,416.23,370.367,-130.35,416.828,371.296,-131.183,416.81,370.853,-130.014,416.227,370.782,-132.294,416.059,369.756,-132.611,416.647,370.256,-129.845,414.685,359.785,-129.569,415.147,359.117,-127.67,415.43,360.257,-127.924,414.98,360.912,-126.58,415.168,361.703,-126.341,415.612,361.052,-125.502,415.624,361.481,-125.757,415.166,362.162,-134.355,415.793,368.911,-134.667,416.397,369.434,-136.594,415.47,368.038,-136.901,416.098,368.591,-138.556,415.135,367.345,-138.865,415.793,367.932,-139.965,414.84,366.914,-140.279,415.527,367.533,-132.917,416.977,355.651,-133.077,415.186,356.144,-134.108